k = [62057.619047619, 0, 0, 0, -33245.1530612245, 2.03651239530799E-12, 31028.8095238095, 0, 0, 0, 0, 0, 0, 0, 0, 0, 0, 0, 0, 0, 0, 0, 0, 0, 0, 0, 0, 0;
0, 676525.333866265, 1.55047336657421E-10, 0, -629032.258064516, 0, 0, 0, 0, 0, -23746.5379008746, -7.75236683287107E-11, -23746.5379008746, 0, 0, 0, 0, 0, 0, 0, 0, 0, 0, 0, 0, 0, 0, 0;
0, 1.55047336657421E-10, 2582996.25486125, -13716.9614984391, 0, -4424.82628981907, 4424.82628981907, 0, 0, 0, -7.75236683287107E-11, -1289285.71428571, 1.45465171093428E-12, 0, 0, 0, 0, 0, 0, 0, 0, 0, 0, 0, 0, 0, 0, 0;
0, 0, -13716.9614984391, 180812.012288786, 0, 13716.9614984391, 28348.3870967742, 0, 0, 0, -33245.1530612245, 2.03651239530799E-12, 31028.8095238095, 0, 0, 0, 0, 0, 0, 0, 0, 0, 0, 0, 0, 0, 0, 0;
-33245.1530612245, -629032.258064516, 0, 0, 1605096.76243769, 1.55047336657421E-10, 0, -928571.428571429, 0, 0, 0, 0, 0, -23746.5379008746, -7.75236683287107E-11, -23746.5379008746, 0, 0, 0, 0, 0, 0, 0, 0, 0, 0, 0, 0;
2.03651239530799E-12, 0, -4424.82628981907, 13716.9614984391, 1.55047336657421E-10, 2597230.13889105, -16174.1949641459, 0, -14233.8840298024, 14233.8840298024, 0, 0, 0, -7.75236683287107E-11, -1289285.71428571, 1.45465171093428E-12, 0, 0, 0, 0, 0, 0, 0, 0, 0, 0, 0, 0;
31028.8095238095, 0, 4424.82628981907, 28348.3870967742, 0, -16174.1949641459, 264507.250384025, 0, 29891.156462585, 41847.619047619, 0, 0, 0, -33245.1530612245, 2.03651239530799E-12, 31028.8095238095, 0, 0, 0, 0, 0, 0, 0, 0, 0, 0, 0, 0;
0, 0, 0, 0, -928571.428571429, 0, 0, 976064.504373178, 1.55047336657421E-10, 0, 0, 0, 0, 0, 0, 0, -23746.5379008746, -7.75236683287107E-11, -23746.5379008746, 0, 0, 0, 0, 0, 0, 0, 0, 0;
0, 0, 0, 0, 0, -14233.8840298024, 29891.156462585, 1.55047336657421E-10, 2592805.31260123, 29891.156462585, 0, 0, 0, 0, 0, 0, -7.75236683287107E-11, -1289285.71428571, 1.45465171093428E-12, 0, 0, 0, 0, 0, 0, 0, 0, 0;
0, 0, 0, 0, 0, 14233.8840298024, 41847.619047619, 0, 29891.156462585, 207810.476190476, 0, 0, 0, 0, 0, 0, -33245.1530612245, 2.03651239530799E-12, 31028.8095238095, 0, 0, 0, 0, 0, 0, 0, 0, 0;
0, -23746.5379008746, -7.75236683287107E-11, -33245.1530612245, 0, 0, 0, 0, 0, 0, 676525.333866265, 1.55047336657421E-10, 0, -629032.258064516, 0, 0, 0, 0, 0, -23746.5379008746, -7.75236683287107E-11, -23746.5379008746, 0, 0, 0, 0, 0, 0;
0, -7.75236683287107E-11, -1289285.71428571, 2.03651239530799E-12, 0, 0, 0, 0, 0, 0, 1.55047336657421E-10, 2582996.25486125, -13716.9614984391, 0, -4424.82628981907, 4424.82628981907, 0, 0, 0, -7.75236683287107E-11, -1289285.71428571, 1.45465171093428E-12, 0, 0, 0, 0, 0, 0;
0, -23746.5379008746, 1.45465171093428E-12, 31028.8095238095, 0, 0, 0, 0, 0, 0, 0, -13716.9614984391, 180812.012288786, 0, 13716.9614984391, 28348.3870967742, 0, 0, 0, -33245.1530612245, 2.03651239530799E-12, 31028.8095238095, 0, 0, 0, 0, 0, 0;
0, 0, 0, 0, -23746.5379008746, -7.75236683287107E-11, -33245.1530612245, 0, 0, 0, -629032.258064516, 0, 0, 1605096.76243769, 1.55047336657421E-10, 0, -928571.428571429, 0, 0, 0, 0, 0, -23746.5379008746, -7.75236683287107E-11, -23746.5379008746, 0, 0, 0;
0, 0, 0, 0, -7.75236683287107E-11, -1289285.71428571, 2.03651239530799E-12, 0, 0, 0, 0, -4424.82628981907, 13716.9614984391, 1.55047336657421E-10, 2597230.13889105, -16174.1949641459, 0, -14233.8840298024, 14233.8840298024, 0, 0, 0, -7.75236683287107E-11, -1289285.71428571, 1.45465171093428E-12, 0, 0, 0;
0, 0, 0, 0, -23746.5379008746, 1.45465171093428E-12, 31028.8095238095, 0, 0, 0, 0, 4424.82628981907, 28348.3870967742, 0, -16174.1949641459, 264507.250384025, 0, 29891.156462585, 41847.619047619, 0, 0, 0, -33245.1530612245, 2.03651239530799E-12, 31028.8095238095, 0, 0, 0;
0, 0, 0, 0, 0, 0, 0, -23746.5379008746, -7.75236683287107E-11, -33245.1530612245, 0, 0, 0, -928571.428571429, 0, 0, 976064.504373178, 1.55047336657421E-10, 0, 0, 0, 0, 0, 0, 0, -23746.5379008746, -7.75236683287107E-11, -23746.5379008746;
0, 0, 0, 0, 0, 0, 0, -7.75236683287107E-11, -1289285.71428571, 2.03651239530799E-12, 0, 0, 0, 0, -14233.8840298024, 29891.156462585, 1.55047336657421E-10, 2592805.31260123, 29891.156462585, 0, 0, 0, 0, 0, 0, -7.75236683287107E-11, -1289285.71428571, 1.45465171093428E-12;
0, 0, 0, 0, 0, 0, 0, -23746.5379008746, 1.45465171093428E-12, 31028.8095238095, 0, 0, 0, 0, 14233.8840298024, 41847.619047619, 0, 29891.156462585, 207810.476190476, 0, 0, 0, 0, 0, 0, -33245.1530612245, 2.03651239530799E-12, 31028.8095238095;
0, 0, 0, 0, 0, 0, 0, 0, 0, 0, -23746.5379008746, -7.75236683287107E-11, -33245.1530612245, 0, 0, 0, 0, 0, 0, 652778.795965391, 7.75236683287107E-11, -33245.1530612245, -629032.258064516, 0, 0, 0, 0, 0;
0, 0, 0, 0, 0, 0, 0, 0, 0, 0, -7.75236683287107E-11, -1289285.71428571, 2.03651239530799E-12, 0, 0, 0, 0, 0, 0, 7.75236683287107E-11, 1293710.54057553, -13716.9614984391, 0, -4424.82628981907, 4424.82628981907, 0, 0, 0;
0, 0, 0, 0, 0, 0, 0, 0, 0, 0, -23746.5379008746, 1.45465171093428E-12, 31028.8095238095, 0, 0, 0, 0, 0, 0, -33245.1530612245, -13716.9614984391, 118754.393241167, 0, 13716.9614984391, 28348.3870967742, 0, 0, 0;
0, 0, 0, 0, 0, 0, 0, 0, 0, 0, 0, 0, 0, -23746.5379008746, -7.75236683287107E-11, -33245.1530612245, 0, 0, 0, -629032.258064516, 0, 0, 1581350.22453682, 7.75236683287107E-11, -33245.1530612245, -928571.428571429, 0, 0;
0, 0, 0, 0, 0, 0, 0, 0, 0, 0, 0, 0, 0, -7.75236683287107E-11, -1289285.71428571, 2.03651239530799E-12, 0, 0, 0, 0, -4424.82628981907, 13716.9614984391, 7.75236683287107E-11, 1307944.42460534, -16174.1949641459, 0, -14233.8840298024, 14233.8840298024;
0, 0, 0, 0, 0, 0, 0, 0, 0, 0, 0, 0, 0, -23746.5379008746, 1.45465171093428E-12, 31028.8095238095, 0, 0, 0, 0, 4424.82628981907, 28348.3870967742, -33245.1530612245, -16174.1949641459, 202449.631336406, 0, 29891.156462585, 41847.619047619;
0, 0, 0, 0, 0, 0, 0, 0, 0, 0, 0, 0, 0, 0, 0, 0, -23746.5379008746, -7.75236683287107E-11, -33245.1530612245, 0, 0, 0, -928571.428571429, 0, 0, 952317.966472303, 7.75236683287107E-11, -33245.1530612245;
0, 0, 0, 0, 0, 0, 0, 0, 0, 0, 0, 0, 0, 0, 0, 0, -7.75236683287107E-11, -1289285.71428571, 2.03651239530799E-12, 0, 0, 0, 0, -14233.8840298024, 29891.156462585, 7.75236683287107E-11, 1303519.59831552, 29891.156462585;
0, 0, 0, 0, 0, 0, 0, 0, 0, 0, 0, 0, 0, 0, 0, 0, -23746.5379008746, 1.45465171093428E-12, 31028.8095238095, 0, 0, 0, 0, 14233.8840298024, 41847.619047619, -33245.1530612245, 29891.156462585, 145752.857142857];
